These are the data given from the algorithm of best fit applied to the catenary: don't forget to put into the relation.
a_hat= -0.37869899203944696 m
sigma_a= 0.0003961921903344765 m
c_hat= 2.0137790353321208 m
sigma_c= 0.0010325177782375093 m
x0_hat= 0.935766285624306 m
sigma_x0= 0.0003428470517981675 m
